[GPi]
alpha = 2.0
beta = 0.08
eps = 0.0001
g_ahp = 30.0
g_ca = 0.15
g_g_g = 0.1
g_k = 30.0
g_l = 0.1
g_na = 120.0
g_s_g = 0.03
g_t = 0.5
k_1 = 30.0
k_ca = 20.0
phi_h = 0.05
phi_n = 0.05
phi_r = 1.0
sig_a = 2.0
sig_g_h = 2.0
sig_h = -12.0
sig_h_t = -12.0
sig_m = 10.0
sig_n = 14.0
sig_n_t = -12.0
sig_r = -2.0
sig_s = 2.0
tau_h_0 = 0.05
tau_h_1 = 0.27
tau_n_0 = 0.05
tau_n_1 = 0.27
tau_r = 30.0
tht_a = -57.0
tht_g = 20.0
tht_g_h = -57.0
tht_h = -58.0
tht_h_t = -40.0
tht_m = -37.0
tht_n = -50.0
tht_n_t = -40.0
tht_r = -70.0
tht_s = -35.0
v_ca = 120.0
v_g_g = -100.0
v_k = -80.0
v_l = -55.0
v_na = 55.0
v_s_g = 0.0
tau_ca = 7.0
ca_pre = 0.99
ca_post = 1.55
g_str = 0.05
v_str = -100.0


[GPe]
alpha = 2.0
beta = 0.08
eps = 0.0001
g_ahp = 30.0
g_ca = 0.15
g_g_g = 0.1
g_k = 30.0
g_l = 0.1
g_na = 120.0
g_s_g = 0.03
g_t = 0.5
k_1 = 30.0
k_ca = 20.0
phi_h = 0.05
phi_n = 0.05
phi_r = 1.0
sig_a = 2.0
sig_g_h = 2.0
sig_h = -12.0
sig_h_t = -12.0
sig_m = 10.0
sig_n = 14.0
sig_n_t = -12.0
sig_r = -2.0
sig_s = 2.0
tau_h_0 = 0.05
tau_h_1 = 0.27
tau_n_0 = 0.05
tau_n_1 = 0.27
tau_r = 30.0
tht_a = -57.0
tht_g = 20.0
tht_g_h = -57.0
tht_h = -58.0
tht_h_t = -40.0
tht_m = -37.0
tht_n = -50.0
tht_n_t = -40.0
tht_r = -70.0
tht_s = -35.0
v_ca = 120.0
v_g_g = -100.0
v_k = -80.0
v_l = -55.0
v_na = 55.0
v_s_g = 0.0
tau_ca = 7.0
ca_pre = 0.99
ca_post = 1.55
g_str = 0.05
v_str = -100.0

[STN]
alpha = 5.0
b_const = 0.02734678679618289
beta = 1.0
eps = 0.0000375
g_ahp = 9.0
g_ca = 0.5
g_g_s = 1.0
g_ctx = 0.10625 # TODO check
g_k = 45.0
g_l = 2.25
g_na = 37.5
g_t = 0.5
k_1 = 15.0
k_ca = 22.5
phi_h = 0.75
phi_n = 0.75
phi_r = 0.5
sig_a = 7.8
sig_b = -0.07
sig_g_h = 8.0
sig_h = -3.1
sig_h_t = -3.0
sig_m = 15.0
sig_n = 8.0
sig_n_t = -26.0
sig_r = -2.0
sig_r_t = -2.2
sig_s = 8.0
tau_h_0 = 1.0
tau_h_1 = 500.0
tau_n_0 = 1.0
tau_n_1 = 100.0
tau_r_0 = 7.1
tau_r_1 = 17.5
tht_a = -63.0
tht_b = 0.25
tht_g = 30.0
tht_g_h = -39.0
tht_h = -39.0
tht_h_t = -57.0
tht_m = -30.0
tht_n = -32.0
tht_n_t = -80.0
tht_r = -67.0
tht_r_t = 68.0
tht_s = -39.0
v_ca = 140.0
v_g_s = -100.0
v_ctx = 0.0
v_k = -80.0
v_l = -60.0
v_na = 55.0
tau_ca = 7.0
ca_pre = 0.99
ca_post = 1.55
theta_d = 0.001
theta_p = 0.05

[STR]
alpha = 5.0
b_const = 0.02734678679618289
beta = 1.0
eps = 0.0000375
g_ahp = 9.0
g_ca = 0.5
g_str = 0.06
g_ctx = 0.10625 # TODO check
g_k = 45.0
g_l = 2.25
g_na = 37.5
g_t = 0.5
k_1 = 15.0
k_ca = 22.5
phi_h = 0.75
phi_n = 0.75
phi_r = 0.5
sig_a = 7.8
sig_b = -0.07
sig_g_h = 8.0
sig_h = -3.1
sig_h_t = -3.0
sig_m = 15.0
sig_n = 8.0
sig_n_t = -26.0
sig_r = -2.0
sig_r_t = -2.2
sig_s = 8.0
tau_h_0 = 1.0
tau_h_1 = 500.0
tau_n_0 = 1.0
tau_n_1 = 100.0
tau_r_0 = 7.1
tau_r_1 = 17.5
tht_a = -63.0
tht_b = 0.25
tht_g = 30.0
tht_g_h = -39.0
tht_h = -39.0
tht_h_t = -57.0
tht_m = -30.0
tht_n = -32.0
tht_n_t = -80.0
tht_r = -67.0
tht_r_t = 68.0
tht_s = -39.0
v_ca = 140.0
v_str = -100.0
v_ctx = 0.0
v_k = -80.0
v_l = -60.0
v_na = 55.0
tau_ca = 7.0
ca_pre = 0.99
ca_post = 1.55

[CTX]
base_rate =  4e-3         # kHz
stimulated_rate = 100e-3  # kHz
max_rate = 100e-3         # kHz
sig_s = 0.2
min_isi = 2.0
syn_rayleigh_sig = 2.0
syn_kernel_len = 0.0 # post init
